27,4
14,6
29,5
29,1
29,3
27,1
27,3
34,2
34,4
34,1
34,3
0,273
0,270
24,1
24,3
14,8
10,125
11,12
8,15
10,133
10,159
10,187
10,179
10,311
10,285
10,189
10,2
10,3
11,21
11,23
11,15
11,13
11,2
11,3
9,7
8,12
8,17
8,16
69,3
69,2
69,1
69,0
68,4
68,3
68,2
68,1
68,0
67,6
67,5
67,4
67,3
67,2
67,1
67,0
65,6
65,5
65,4
65,3
65,2
65,1
65,0
63,8
63,7
63,6
63,5
63,4
63,3
63,2
63,1
63,0
61,6
61,5
61,4
61,3
61,2
61,1
61,0
57,7
57,6
57,5
57,4
57,3
57,2
57,1
57,0
44,3
44,2
44,1
44,0
43,5
43,4
43,3
43,2
43,1
43,0
40,5
40,4
40,3
40,2
40,1
40,0
38,5
38,4
38,1
20,3
20,2
20,1
19,3
19,2
19,1
18,3
18,1
14,7
14,3
14,1
13,3
13,1
12,3
12,2
12,1
11,28
11,27
11,26
